42735258|001|0001|星達壹投資股份有限公司|1110101|1111231|1070627|12|新北市板橋區國泰街３９巷３弄１號２樓|1|詹克群|新北市板橋區國泰街３９巷３弄１號２樓|A125323578|0|3|303402268|649911|0910686295||F|1|||5|N||||||V111|1
42735258|001|0002|0|朱啟銘|F125493285|0|新北市板橋區國泰街３９巷３弄１號２樓|0910686295|1110101|1111231|Y||||||||
42735258|001|0003|9||||||||
42735258|001|0004|1||||||0||||||||
42735258|001|0005|b90702123@gmail.com|
42735258|010|0001|0001|0|0|0002|0|0|0003|0|0|0004|0|0|0005|0|0|0006|0|0|0007|0|0
42735258|010|0002|0008|526605|526605|0009|0|0|0010|185247|185247|0011|300000|300000|0012|0|0|0013|0|0|0014|0|0
42735258|010|0003|0015|0|0|0016|0|0|0017|0|0|0018|0|0|0019|5358|5358|0020|0|0|0021|0|0
42735258|010|0004|0022|0|0|0023|0|0|0024|0|0|0025|0|0|0026|0|0|0027|0|0|0028|0|0
42735258|010|0005|0029|0|0|0030|0|0|0031|0|0|0032|36000|36000|0033|-526605|-526605|0034|2765545|2765545|0035|0|0
42735258|010|0006|0036|0|0|0038|8457|8457|0039|0|0|0040|2757088|2757088|0041|0|0|0043|0|0|0044|0|0
42735258|010|0007|0045|0|0|0046|0|0|0047|0|0|0048|0|0|0049|0|0|0051|0|0|0052|0|0
42735258|010|0008|0053|2238940|2238940|0054|80.95|80.95|0055|0|0|0057|0|0|0058|0|0|0059|0|-518148|0060|0|0
42735258|010|0009|0062|0|0|0063|0|0|0064|0|43247|0065|0|0|0068|0|0|0069|0|0|0070|0|0
42735258|010|0010|0071|0|0|0072|0|0|0073|0|0|0074|0|0|0075|0|0|0076|0|0|0077|0|0
42735258|010|0011|0078|0|0|0080|0|0|0081|0|0|0082|0|0|0083|0|0|0084|0|0|0085|0|0
42735258|010|0012|0086|0|0|0087|0|0|0088|0|0|0093|0|0|0095|0|0|0097|0|0|0098|0|0
42735258|010|0013|0099|0|2757088|0100|0|0|0101|0|0|0104|0|0|0112|0|0|0113|0|0|0116|0|0
42735258|010|0014|0117|0|0|0118|0|43247|0119|0|0|0122|0|0|0123|0|0|0125|0|0|0126|0|0
42735258|010|0015|0127|0|0|0130|0|0|0132|0|0|0133|0|0|0134|0|0|0135|0|0|0136|0|0
42735258|010|0016|0501|0|0|0502|0|0|0504|0|0|0507|0|0|1100|0|0||0|0||0|0
42735258|010|0017|649911|投資有價證|24|0|||0|0|||0|0|||0||||||0|0||N|N|N|0
42735258|020|0001|N|01|-518148|02|1378544|03|0|04|0|05|0|06|0|07|860396|08|0|09|43247|10|43247|11|0|12|0|13|0|14|0|15|43247|16|0
42735258|020|0002|0|0|0||0|0||0|0||0|0|
42735258|020|0003|2757088|0|0|0|0|0|0|0|0|0|0|0|0|0|0|0|0|0|0|0|0|2757088|2757088
42735258|020|0004|0|0|0|0|0|0|0|0|0|0|0|0|0|0|0|0|0|0|0|0|0|0|0|0|0|0|0|0|0|0|0|0|0|0|0|0|0|0|0|0|0|0|0|0|0|0|0|0|0|0|0|0|0|0|0|0|0|0|0|0|0|0|0
42735258|030|0001|1000|42567395|1100|6319466|1200|36247929|1300|0|1400|0|1900|0|2000|330850|2100|330850|2200|0|2900|0|3000|42236545|3100|41031000
42735258|030|0002|3300|0|3400|1205545|3500|0|3600|0|1111|20142|1112|6299324|1113|0|1114|0|1121|0|1122|0|1123|0|1124|0
42735258|030|0003|1125|0|1126|0|1129|0|1130|0|1131|0|1132|0|1133|0|1134|0|1135|0|1136|0|1137|0|1138|0
42735258|030|0004|1140|0|1141|0|1142|0|1143|0|1149|0|1151|0|1154|0|1158|0|1161|0|1157|0|1159|0|1190|0
42735258|030|0005|1191|0|1192|0|1193|0|1144|0|1145|0|1199|0|1612|0|1615|0|1621|36247929|1622|0|1618|0|1630|0
42735258|030|0006|1631|0|1640|0|1641|0|1410|0|1421|0|1422|0|1431|0|1432|0|1441|0|1442|0|1451|0|1452|0
42735258|030|0007|1461|0|1462|0|1470|0|1491|0|1492|0|1510|0|1511|0|1901|0|1902|0|1904|0|2110|0|2111|0
42735258|030|0008|2112|0|2113|0|2119|0|2130|330850|2120|0|2121|0|2131|0|2132|330850|2133|0|2135|0|2136|0|2137|0
42735258|030|0009|2138|0|2140|0|2150|0|2170|0|2180|0|2126|0|2190|0|2191|0|2192|0|2193|0|2195|0|2196|0
42735258|030|0010|2210|0|2220|0|2230|0|2240|0|2260|0|2270|0|2280|0|2281|0|2290|0|2910|0|2940|0|2951|0
42735258|030|0011|2970|0|2999|0|3110|50000000|3120|8969000|3410|670267|3420|0|3430|-1372812|3440|1908090|3421|0|3422|0|3411|0|3412|670267
42735258|030|0012|3431|0|3432|-1372812|9000|42567395|1302|0|1493|0|1512|0|1433|0|1443|0|1453|0|1463|0|1541|0|1542|0
42735258|030|0013|1551|0|1552|0|1553|0|3434|0|3435|0|3502|0|3503|0|3504|0|3505|0|3506|0|3507|0|1411|0
42735258|030|0014|3130|0|1903|0|2134|0|3450|0|1710|0|1711|0|1712|0|2282|0|3508|0||0||0||0
42735258|030|0015|1111231|
42735258|040|0001|0101|0|0|0202|0|0|0303|0|0|0304|0|0|0305|0|0|0900|0|0|1000|0|0
42735258|040|0002|1100|0|0|1200|0|0|1400|0|0|1500|0|0|1600|0|0|8500|0|0|2000|0|0
42735258|040|0003|3000|0|0|5000|0|0|6000|0|0|7000|0|0|8000|0|0|9000|0|0|1201|0|0
42735258|040|0004|1202|0|0|1306|0|0|1601|0|0|1602|0|0|1707|0|0|1808|0|0|1909|0|0
42735258|040|0005|2110|0|0|2211|0|0|2212|0|0|2213|0|0|3114|0|0|3215|0|0|3216|0|0
42735258|040|0006|3217|0|0|3318|0|0|4019|0|0|8100|0|0||0|0||0|0||0|0
42735258|040|0007|0|0|0|0||0
42735258|040|0008|0304|
42735258|040|0009|0305|
42735258|040|0010|1201|
42735258|040|0011|1202|
42735258|040|0012|1601|
42735258|040|0013|1602|
42735258|040|0014|2212|
42735258|040|0015|2213|
42735258|040|0016|3216|
42735258|040|0017|3217|
42735258|05A|0001|勞務費|36000|36000||0|0
42735258|05B|0001|0001|0|0|0002|0|0|0003|0|0|0004|0|0|0005|0|0|0006|0|0|0007|0|0
42735258|05B|0002|0008|0|0|0009|0|0|0010|0|0|0011|0|0|0012|0|0|0013|0|0|0014|0|0
42735258|05B|0003|0015|0|0|0016|0|0|0090|0|0|0091|0|0|0099|0|0||0|0||0|0
42735258|05C|0001|2901|0|0|2902|0|0|2903|0|0|2904|0|0|2905|0|0|2906|0|0|2907|0|0
42735258|05C|0002|2908|0|0|2909|0|0|2910|0|0|2911|0|0|2912|0|0|2913|0|0|2914|0|0
42735258|05C|0003|2915|0|0|2916|0|0|2917|0|0|2918|0|0|2919|0|0|2920|0|0|2991|0|0
42735258|05C|0004|2900|0|0||0|0||0|0||0|0||0|0||0|0||0|0
42735258|060|0001|185247|185247
42735258|060|0002|0|0|0|0|0|0|0|0|0|0|0|0|0|0|0|0|0
42735258|060|0003|0|0
42735258|060|0004|0|0|0|0|0|0|0|0|0|0|0|0|0|0|0|0|0|0|0|0|0|0|0|0
42735258|060|0005|0|0|0|0|0|0|0|0|0|0|0|0|0
42735258|060|0006|0|0|0|0|0|0|0|0|0|0|0|0|0
42735258|060|0007|0|0|0|0|0||0|0|0|0|0
42735258|060|0008|0|0|0|0|0|0|0|0|0
42735258|060|0009|0|0|0|0|0|0|0|0|0|0|0
42735258|060|0010|0|0|0|0|0|0|0|0|0|0|0|0|0|0
42735258|060|0011|0|0|00000|00000|0|0|0|0|0|00000|00000|0|0|0
42735258|060|A011|0|0|00000|00000|0|0|0|0|0|0
42735258|060|0012|0|0|0|0|0|0
42735258|060|0014|0|0|0|0|0|0|0|0|0|0|0|0|0|0
42735258|060|0015|0|0|0|0|0|0|0|0
42735258|060|0016|0|0|0|0|0|0|0
42735258|09A|0001|10|185247|0|0|0|0|0|185247|0|0|0|
42735258|09A|0002|20|36000|0|0|0|0|0|36000|0|0|0|
42735258|09A|0003|30|0|0|0|0|0|0|0|0|0|0|
42735258|09A|0004|40|300000|0|0|0|0|0|300000|0|0|0|
42735258|09A|0005|50|0|0|0|0|0|0|0|0|0|0|
42735258|09A|0006|60|0|0|0|0|0|0|0|0|0|0|
42735258|09A|0007|70|0|0|0|0|0|0|0|0|0|0|
42735258|09A|0008|80|0|0|0|0|0|0|0|0|0|0|
42735258|09A|0009|90|0|0|0|0|0|0|0|0|0|0|
42735258|09A|0010|0|0|0
42735258|09B|0001|11|8457|0|0|0|0|0|8457|0||
42735258|09B|0002|12|0|0|0|0|0|0|0|0||
42735258|09B|0003|20|0|0|0|0|0|0|0|0||
42735258|09B|0004|30|0|0|0|0|0|0|0|0||
42735258|09B|0005|50|0|0|0|0|0|0|0|0||
42735258|09B|0006|60|0|0|0|0|0|0|0|0||
42735258|09D|0001|||||0|||||||Y|Y|
42735258|130|****|0|0|0|0|0|0|0|0|0|0|0|0|N|||
42735258|151|0001|01|0|02|-728311|03|-728311|04|0|05|0|05b|0|06|0
42735258|151|0002|07|-644501|07a|0|08|0|09|0|10|0|11|-728311|11b|0
42735258|151|0003|12|-644501|13|-1372812|14|0|15|0|16|0|16b|0|17|0
42735258|151|0004|18|0|19|0|20|0|20b|0|21|0|22|0|23|0
42735258|151|0005|24|0|24b|0|25|0|26|0|31|0|32|0|33|0
42735258|151|0006|34|0|35|0|36|0|37|0|38|-728311|38b|0|39|-644501
42735258|151|0007|40|-1372812|41|0|42|0|42b|0|42c|0|43|0|44|0
42735258|151|0008|45|-1372812|45b|0|45c|0|46|-1372812|47|0|48|0|48b|0
42735258|151|0009|49|0|50|-1372812|0|0|0|0|0|0|0|0|0|0
42735258|151|0012||||
42735258|160|0001|2|1|-644501|201|0|202|0|3|0|4|0|5|0|6|0|7|0|8|0|9|0|10|0|11|0|12|0|13|0|14|0
42735258|160|0002||15|0|22|-644501|221|0|222|-644501|23|0|24|0|25|0|26|0|27|0||0||0||0||0||0||0
42735258|160|0003|3|
42735258|160|0004|4|
42735258|160|0005|5|
42735258|160|0006|15|
42735258|160|0007|0|0
42735258|160|0008|0|0|0|0
