93794342|001|0001|星達三投資股份有限公司|1120614|1121231|1120614|07|新北市板橋區國泰街３９巷３弄１號２樓|1|詹克群|台北市光復南路４６巷２０號三樓|A125323578|0|3|303402932|649911|0910686295||F|1|||5|N||||||V112|1
93794342|001|0002|0|朱啟銘|F125493285|0|新北市板橋區民族路２３８號１２樓|0910686295|1120614|1121231|Y||||||||
93794342|001|0003|9||||||||
93794342|001|0004|1||||||||||||||
93794342|001|0005|b90702123@gmail.com|
93794342|010|0001|0001|0|0|0002|0|0|0003|0|0|0004|0|0|0005|0|0|0006|0|0|0007|0|0
93794342|010|0002|0008|842338|842338|0009|0|0|0010|785600|785600|0011|0|0|0012|0|0|0013|0|0|0014|0|0
93794342|010|0003|0015|0|0|0016|0|0|0017|0|0|0018|0|0|0019|0|0|0020|0|0|0021|0|0
93794342|010|0004|0022|0|0|0023|0|0|0024|0|0|0025|0|0|0026|0|0|0027|14400|14400|0028|0|0
93794342|010|0005|0029|0|0|0030|0|0|0031|0|0|0032|42338|42338|0033|-842338|-842338|0034|79671|79671|0035|0|0
93794342|010|0006|0036|0|0|0038|79671|79671|0039|0|0|0040|0|0|0041|0|0|0043|0|0|0044|0|0
93794342|010|0007|0045|0|0|0046|0|0|0047|0|0|0048|0|0|0049|0|0|0051|0|0|0052|0|0
93794342|010|0008|0053|-762667|-762667|0054|-957.27|-957.27|0055|0|0|0057|0|0|0058|0|0|0059|0|-762667|0060|0|0
93794342|010|0009|0062|0|0|0063|0|7953|0064|0|0|0065|0|7953|0068|0|0|0069|0|0|0070|0|0
93794342|010|0010|0071|0|0|0072|0|0|0073|0|0|0074|0|0|0075|0|0|0076|0|0|0077|0|0
93794342|010|0011|0078|0|0|0080|0|0|0081|0|0|0082|0|0|0083|0|0|0084|0|0|0085|0|0
93794342|010|0012|0086|0|0|0087|0|0|0088|0|0|0093|0|0|0095|0|0|0097|0|0|0098|0|0
93794342|010|0013|0099|0|0|0100|0|0|0101|0|0|0104|0|0|0112|0|0|0113|0|0|0116|0|0
93794342|010|0014|0117|0|0|0118|0|0|0119|0|0|0122|0|0|0123|0|0|0125|0|0|0126|0|0
93794342|010|0015|0127|0|0|0130|0|0|0132|0|0|0133|0|0|0134|0|0|0135|0|0|0136|0|0
93794342|010|0016|0137|0|0|1100|0|0||0|0||0|0||0|0||0|0||0|0
93794342|010|0017|649911|投資有價證|24|0|||0|0|||0|0|||0||||||0|0||N|N|0
93794342|020|0001|Y||||||||||||||||||||||||||||||||
93794342|030|0001|1000|43197333|1100|5997327|1200|37200006|1300|37200006|1400|0|1900|0|2000|580000|2100|580000|2200|0|2900|0|3000|42617333|3100|21990000
93794342|030|0002|3300|21390000|3400|-762667|3500|0|3600|0|1111|557795|1112|651579|1113|0|1114|0|1121|0|1122|0|1123|0|1124|0
93794342|030|0003|1125|0|1126|0|1129|0|1130|0|1131|0|1132|0|1133|0|1134|0|1135|0|1136|0|1137|0|1138|0
93794342|030|0004|1140|4787953|1141|7953|1142|0|1143|0|1149|4780000|1151|0|1154|0|1158|0|1161|0|1157|0|1159|0|1190|0
93794342|030|0005|1191|0|1192|0|1193|0|1144|0|1145|0|1199|0|1612|0|1615|0|1621|0|1622|0|1618|0|1630|0
93794342|030|0006|1631|0|1640|0|1641|0|1410|0|1421|0|1422|0|1431|0|1432|0|1441|0|1442|0|1451|0|1452|0
93794342|030|0007|1461|0|1462|0|1470|0|1491|0|1492|0|1510|0|1511|0|1901|0|1902|0|1904|0|2110|0|2111|0
93794342|030|0008|2112|0|2113|0|2119|0|2130|580000|2120|0|2121|0|2131|580000|2132|0|2133|0|2135|0|2136|0|2137|0
93794342|030|0009|2138|0|2140|0|2150|0|2170|0|2180|0|2126|0|2190|0|2191|0|2192|0|2193|0|2195|0|2196|0
93794342|030|0010|2210|0|2220|0|2230|0|2240|0|2260|0|2270|0|2280|0|2281|0|2290|0|2910|0|2940|0|2951|0
93794342|030|0011|2970|0|2999|0|3110|30000000|3120|8010000|3410|0|3420|0|3430|0|3440|-762667|3421|0|3422|0|3411|0|3412|0
93794342|030|0012|3431|0|3432|0|9000|43197333|1302|0|1493|0|1512|0|1433|0|1443|0|1453|0|1463|0|1541|0|1542|0
93794342|030|0013|1551|0|1552|0|1553|0|3434|0|3435|0|3502|0|3503|0|3504|0|3505|0|3506|0|3507|0|1411|0
93794342|030|0014|3130|0|1903|0|2134|0|3450|0|1710|0|1711|0|1712|0|2282|0|3508|0||0||0||0
93794342|030|0015|1121231|
93794342|040|0001|0101|0|0|0202|0|0|0303|0|0|0304|0|0|0305|0|0|0900|0|0|1000|0|0
93794342|040|0002|1100|0|0|1200|0|0|1400|0|0|1500|0|0|1600|0|0|8500|0|0|2000|0|0
93794342|040|0003|3000|0|0|5000|0|0|6000|0|0|7000|0|0|8000|0|0|9000|0|0|1201|0|0
93794342|040|0004|1202|0|0|1306|0|0|1601|0|0|1602|0|0|1707|0|0|1808|0|0|1909|0|0
93794342|040|0005|2110|0|0|2211|0|0|2212|0|0|2213|0|0|3114|0|0|3215|0|0|3216|0|0
93794342|040|0006|3217|0|0|3318|0|0|4019|0|0|8100|0|0||0|0||0|0||0|0
93794342|040|0007|0|0|0|0||0
93794342|040|0008|0304|
93794342|040|0009|0305|
93794342|040|0010|1201|
93794342|040|0011|1202|
93794342|040|0012|1601|
93794342|040|0013|1602|
93794342|040|0014|2212|
93794342|040|0015|2213|
93794342|040|0016|3216|
93794342|040|0017|3217|
93794342|05A|0001|勞務費|42338|42338||0|0
93794342|05D|0001|1|B|809|60100100001348|
93794342|060|0001|785600|785600
93794342|060|0002|0|0|0|0|0|0|0|0|0|0|0|0|0|0|0|0|0
93794342|060|0003|0|0
93794342|060|0004|0|0|0|0|0|0|0|0|0|0|0|0|0|0|0|0|0|0|0|0|0|0|0|0|0
93794342|060|0005|0|0|0|0|0|0|0|0|0|0|0|0|0
93794342|060|0006|0|0|0|0|0|0|0|0|0|0|0|0|0
93794342|060|0007|0|0|0|0|0||0|0|0|0|0
93794342|060|0008|7|0|0|0|21000|14400|0|0|0
93794342|060|0009|0|0|0|0|0|0|0|0|0|0|0
93794342|060|0010|0|0|0|0|0|0|0|0|0|0|0|0|0|0
93794342|060|0011|0|0|00000|00000|0|0|0|0|0|00000|00000|0|0|0
93794342|060|A011|0|0|00000|00000|0|0|0|0|0|0
93794342|060|0012|0|0|0|0|0|0
93794342|060|0014|0|0|0|0|0|0|0|0|0|0|0|0|0|0
93794342|060|0015|0|0|0|0|0|0|0|0
93794342|060|0016|0|0|0|0|0|0|0
93794342|09A|0001|10|785600|0|0|0|0|0|785600|0|0|0|
93794342|09A|0002|20|0|0|0|0|0|42338|42338|0|0|0|取得發票
93794342|09A|0003|30|0|0|0|0|0|0|0|0|0|0|
93794342|09A|0004|40|0|0|0|0|0|0|0|0|0|0|
93794342|09A|0005|50|0|0|0|0|0|0|0|0|0|0|
93794342|09A|0006|60|0|0|0|0|0|0|0|0|0|0|
93794342|09A|0007|70|0|0|0|0|0|0|0|0|0|0|
93794342|09A|0008|80|0|0|0|0|0|0|0|0|0|0|
93794342|09A|0009|90|0|0|0|0|0|0|0|0|0|0|
93794342|09A|0010|0|0|0
93794342|09B|0001|11|79671|0|0|0|0|0|79671|7953||
93794342|09B|0002|12|0|0|0|0|0|0|0|0||
93794342|09B|0003|20|0|0|0|0|0|0|0|0||
93794342|09B|0004|30|0|0|0|0|0|0|0|0||
93794342|09B|0005|50|0|0|0|0|0|0|0|0||
93794342|09B|0006|60|0|0|0|0|0|0|0|0||
93794342|09D|0001|||||0|||||||Y|Y||N
93794342|130|0000|21990000|0|21990000|0|0|0|0|0|0|0|0|0|N|N|N|
93794342|130|0001||||
93794342|130|0002|彭昊揚|F133576846|0|103|0|0|1500000|1500000|0|0|0|0|0|0|0|0|0|0|TW||0|0|0
93794342|130|0003|華盈股份有限公司|52640111|4|106|0|0|2000000|2000000|0|0|0|0|0|0|0|0|0|0|TW||0|0|0
93794342|130|0004|歐林控股股份有限公司|83753912|4|109|0|0|1000000|1000000|0|0|0|0|0|0|0|0|0|0|TW||0|0|0
93794342|130|0005|歐堤國際企業有限公司|42829678|4|104|0|0|1000000|1000000|0|0|0|0|0|0|0|0|0|0|TW||0|0|0
93794342|130|0006|可霖有限公司|42829683|4|104|0|0|1000000|1000000|0|0|0|0|0|0|0|0|0|0|TW||0|0|0
93794342|130|0007|瑪莉歐國際股份有限公司|24478762|4|098|0|0|1000000|1000000|0|0|0|0|0|0|0|0|0|0|TW||0|0|0
93794342|130|0008|欣益投資股份有限公司|52864408|4|106|0|0|1000000|1000000|0|0|0|0|0|0|0|0|0|0|TW||0|0|0
93794342|130|0009|康輝投資股份有限公司|16909703|4|088|0|0|2500000|2500000|0|0|0|0|0|0|0|0|0|0|TW||0|0|0
93794342|130|0010|存甯投資有限公司|50867800|4|107|0|0|1500000|1500000|0|0|0|0|0|0|0|0|0|0|TW||0|0|0
93794342|130|0011|王國雄|B120658942|0|049|0|0|1000000|1000000|0|0|0|0|0|0|0|0|0|0|TW||0|0|0
93794342|130|0012|龔俊吉|E121944173|0|050|0|0|1000000|1000000|0|0|0|0|0|0|0|0|0|0|TW||0|0|0
93794342|130|0013|盛柏開發股份有限公司|54820096|4|104|0|0|1000000|1000000|0|0|0|0|0|0|0|0|0|0|TW||0|0|0
93794342|130|0014|塩光投資股份有限公司|83393396|4|109|0|0|1000000|1000000|0|0|0|0|0|0|0|0|0|0|TW||0|0|0
93794342|130|0015|產金術投資有限公司|45108625|4|105|0|0|1500000|1500000|0|0|0|0|0|0|0|0|0|0|TW||0|0|0
93794342|130|0016|沐安股份有限公司|82985323|4|112|0|0|1000000|1000000|0|0|0|0|0|0|0|0|0|0|TW||0|0|0
93794342|130|0017|永續傳承暨財富管理有限公司|83545605|4|109|0|0|1000000|1000000|0|0|0|0|0|0|0|0|0|0|TW||0|0|0
93794342|130|0018|群賢投資股份公司|94108948|4|112|0|0|1000000|1000000|0|0|0|0|0|0|0|0|0|0|TW||0|0|0
93794342|130|0019|羅毓明|L124332821|0|079|0|0|250000|250000|0|0|0|0|0|0|0|0|0|0|TW||0|0|0
93794342|130|0020|詹克群|A125323578|0|069|0|0|140000|140000|0|0|0|0|0|0|0|0|0|0|TW||0|0|0
93794342|130|0021|朱啟銘|F125493285|0|070|0|0|600000|600000|0|0|0|0|0|0|0|0|0|0|TW||0|0|0
