54294333|001|0001|星達管理顧問股份有限公司|1100101|1101231|1020902|12|新北市板橋區國泰街３９巷３弄１號２樓|1|詹克群|新北市板橋區國泰街３９巷３弄１號２樓|A125323578|0|3|303401144|702099|0910686295||F|1|||5|N||||||V110|1
54294333|001|0002|0|朱啟銘|F125493285|0|新北市板橋區國泰街３９巷３弄１號２樓|0910686295|1100101|1101231|Y||||||||
54294333|001|0003|9||||||||
54294333|001|0004|1||||||0||||||||
54294333|001|0005|b90702123@gmail.com|
54294333|010|0001|0001|267619|267619|0002|0|0|0003|0|0|0004|267619|267619|0005|0|0|0006|267619|267619|0007|100|100
54294333|010|0002|0008|962465|940981|0009|359.64|351.61|0010|0|0|0011|635224|635224|0012|0|0|0013|2448|2448|0014|0|0
54294333|010|0003|0015|0|0|0016|39352|39352|0017|0|0|0018|0|0|0019|0|0|0020|24160|2676|0021|0|0
54294333|010|0004|0022|0|0|0023|0|0|0024|0|0|0025|0|0|0026|0|0|0027|0|0|0028|0|0
54294333|010|0005|0029|0|0|0030|0|0|0031|0|0|0032|261281|261281|0033|-694846|-673362|0034|6886|6627|0035|0|0
54294333|010|0006|0036|259|0|0038|4827|4827|0039|0|0|0040|1800|1800|0041|0|0|0043|0|0|0044|0|0
54294333|010|0007|0045|20|20|0046|0|0|0047|0|0|0048|0|0|0049|0|0|0051|0|0|0052|20|20
54294333|010|0008|0053|-687980|-666755|0054|-250.62|-243.12|0055|0|0|0057|0|0|0058|0|0|0059|0|-666755|0060|0|0
54294333|010|0009|0062|0|0|0063|0|0|0064|0|0|0065|0|0|0068|0|269419|0069|0|1800|0070|0|0
54294333|010|0010|0071|0|0|0072|0|0|0073|0|0|0074|0|0|0075|0|0|0076|0|0|0077|0|0
54294333|010|0011|0078|0|0|0080|0|0|0081|0|0|0082|0|0|0083|0|1800|0084|0|0|0085|0|0
54294333|010|0012|0086|0|0|0087|0|0|0088|0|0|0093|0|0|0095|0|0|0097|0|0|0098|0|0
54294333|010|0013|0099|0|0|0100|0|0|0101|0|0|0104|-259.64|-251.61|0112|0|0|0113|0|0|0116|0|0
54294333|010|0014|0117|0|0|0118|0|0|0119|0|0|0122|0|0|0123|0|0|0125|0|0|0126|0|0
54294333|010|0015|0127|0|0|0130|0|0|0131|0|0|0132|0|0|0133|0|0|0134|0|0|0135|0|0
54294333|010|0016|0501|0|0|0502|0|0|0504|0|0|1100|0|0||0|0||0|0||0|0
54294333|010|0017|702099|其他管理顧|16|267619|||0|0|||0|0|||0||||||0|0||N|N|N|N|0|0
54294333|020|0001|N|01|-666755|02|0|03|0|04|0|05|0|06|0|07|-666755|08|0|09|0|10|0|11|0|12|0|13|0|14|0|15|0|16|0
54294333|020|0002|0|0|0||0|0||0|0||0|0|
54294333|020|0003|0|0|0|0|0|0|0|0|0|0|0|0|0|0|0|0|0|0|0|0|0|0|0
54294333|020|0004|0|0|0|0|0|0|0|0|0|0|0|0|0|0|0|0|0|0|0|0|0|0|0|0|0|0|0|0|0|0|0|0|0|0|0|0|0|0|0|0|0|0|0|0|0|0|0|0|0|0|0|0|0|0|0|0|0|0|0|0|0|0|0
54294333|030|0001|1000|380121|1100|288321|1200|91800|1300|91800|1400|0|1900|0|2000|0|2100|0|2200|0|2900|0|3000|380121|3100|1200000
54294333|030|0002|3300|0|3400|-819879|3500|0|3600|0|1111|166183|1112|114161|1113|0|1114|0|1121|0|1122|0|1123|0|1124|0
54294333|030|0003|1125|0|1126|0|1129|0|1130|0|1131|0|1132|0|1133|0|1134|0|1135|0|1136|0|1137|0|1138|0
54294333|030|0004|1140|7977|1141|0|1142|0|1143|0|1149|0|1151|0|1154|0|1158|0|1161|0|1157|0|1159|0|1190|0
54294333|030|0005|1191|0|1192|0|1193|0|1144|7977|1145|0|1199|0|1612|0|1615|0|1621|0|1622|0|1618|0|1630|0
54294333|030|0006|1631|0|1640|0|1641|0|1410|0|1421|0|1422|0|1431|0|1432|0|1441|0|1442|0|1451|0|1452|0
54294333|030|0007|1461|0|1462|0|1470|0|1491|0|1492|0|1510|0|1511|0|1901|0|1902|0|1904|0|2110|0|2111|0
54294333|030|0008|2112|0|2113|0|2119|0|2130|0|2120|0|2121|0|2131|0|2132|0|2133|0|2135|0|2136|0|2137|0
54294333|030|0009|2138|0|2140|0|2150|0|2170|0|2180|0|2126|0|2190|0|2191|0|2192|0|2193|0|2195|0|2196|0
54294333|030|0010|2210|0|2220|0|2230|0|2240|0|2260|0|2270|0|2280|0|2281|0|2290|0|2910|0|2940|0|2951|0
54294333|030|0011|2970|0|2999|0|3110|5000000|3120|3800000|3410|0|3420|0|3430|-131899|3440|-687980|3421|0|3422|0|3411|0|3412|0
54294333|030|0012|3431|0|3432|-131899|9000|380121|1302|0|1493|0|1512|0|1433|0|1443|0|1453|0|1463|0|1541|0|1542|0
54294333|030|0013|1551|0|1552|0|1553|0|3434|0|3435|0|3502|0|3503|0|3504|0|3505|0|3506|0|3507|0|1411|0
54294333|030|0014|3130|0|1903|0|2134|0|3450|0|1710|0|1711|0|1712|0|2282|0|3508|0||0||0||0
54294333|030|0015|1101231|
54294333|040|0001|0101|0|0|0202|0|0|0303|0|0|0304|0|0|0305|0|0|0900|0|0|1000|0|0
54294333|040|0002|1100|0|0|1200|0|0|1400|0|0|1500|0|0|1600|0|0|8500|0|0|2000|0|0
54294333|040|0003|3000|0|0|5000|0|0|6000|0|0|7000|0|0|8000|0|0|9000|0|0|1201|0|0
54294333|040|0004|1202|0|0|1306|0|0|1601|0|0|1602|0|0|1707|0|0|1808|0|0|1909|0|0
54294333|040|0005|2110|0|0|2211|0|0|2212|0|0|2213|0|0|3114|0|0|3215|0|0|3216|0|0
54294333|040|0006|3217|0|0|3318|0|0|4019|0|0|8100|0|0||0|0||0|0||0|0
54294333|040|0007|0|0|0|0||0
54294333|040|0008|0304|
54294333|040|0009|0305|
54294333|040|0010|1201|
54294333|040|0011|1202|
54294333|040|0012|1601|
54294333|040|0013|1602|
54294333|040|0014|2212|
54294333|040|0015|2213|
54294333|040|0016|3216|
54294333|040|0017|3217|
54294333|05A|0001|其他費用|2000|2000|什項購置|217800|217800
54294333|05A|0002|燃料費|25481|25481|勞務費|16000|16000
54294333|060|0001|0|0
54294333|060|0002|0|0|0|0|0|0|0|0|0|0|0|0|0|0|0|0|0
54294333|060|0003|2448|2448
54294333|060|0004|0|0|0|0|0|0|0|0|0|0|0|0|0|0|0|0|0|0
54294333|060|0005|0|0|0|0|0|0|0|0|0|0|0|0|0
54294333|060|0006|0|0|0|0|267619|2676|0|0|0|0|0|24160|21484
54294333|060|0007|0|0|0|0|0||0|0|0|0|0
54294333|060|0008|0|0|0|0|0|0|0|0|0
54294333|060|0009|0|0|0|0|0|0|0|0|0|0|0
54294333|060|0010|0|0|0|0|0|0|0|0|0|0|0|0|0|0
54294333|060|0011|0|0|00000|00000|0|0|0|0|0|00000|00000|0|0|0
54294333|060|A011|0|0|00000|00000|0|0|0|0|0|0
54294333|060|0012|0|0|0|0|0|0
54294333|060|0014|0|0|0|0|0|0|0|0|0|0|0|0|0|0
54294333|060|0015|0|0|0|0|0|0|0|0
54294333|060|0016|0|0|0|0|0|0|21484|0
54294333|09A|0001|10|0|0|0|0|0|0|0|0|0|0|
54294333|09A|0002|20|16000|0|0|0|0|0|16000|0|0|0|會計師勞務費
54294333|09A|0003|30|0|0|0|0|0|0|0|0|0|0|
54294333|09A|0004|40|0|0|0|0|0|635224|635224|0|0|0|取得發票
54294333|09A|0005|50|0|0|0|0|0|0|0|0|0|0|
54294333|09A|0006|60|0|0|0|0|0|0|0|0|0|0|
54294333|09A|0007|70|0|0|0|0|0|0|0|0|0|0|
54294333|09A|0008|80|0|0|0|0|0|0|0|0|0|0|
54294333|09A|0009|90|0|0|0|0|0|0|0|0|0|0|
54294333|09A|0010|0|0|0
54294333|09B|0001|11|54|0|0|0|0|4773|4827|0|押金設算息|
54294333|09B|0002|12|0|0|0|0|0|0|0|0||
54294333|09B|0003|20|0|0|0|0|0|0|0|0||
54294333|09B|0004|30|259|0|0|0|0|0|259|0||
54294333|09B|0005|50|0|0|0|0|0|0|0|0||
54294333|09B|0006|60|0|0|0|0|0|0|0|0||
54294333|09D|0001|||||0|||||||Y|N|
54294333|130|****|0|0|0|0|0|0|0|0|0|0|0|0|||N|||
54294333|151|0001|01|0|02|-157887|03|-157887|04|0|05|0|05b|0|06|0
54294333|151|0002|07|25988|07a|0|08|0|09|0|10|0|11|-157887|11b|0
54294333|151|0003|12|25988|13|-131899|14|0|15|0|16|0|16b|0|17|0
54294333|151|0004|18|0|19|0|20|0|20b|0|21|0|22|0|23|0
54294333|151|0005|24|0|24b|0|25|0|26|0|31|0|32|0|33|0
54294333|151|0006|34|0|35|0|36|0|37|0|38|-157887|38b|0|39|25988
54294333|151|0007|40|-131899|41|0|42|0|42b|0|42c|0|43|0|44|0
54294333|151|0008|45|-131899|45b|0|45c|0|46|-131899|47|0|48|0|48b|0
54294333|151|0009|49|0|50|-131899|0|0|0|0|0|0|0|0|0|0
54294333|151|0012||||
54294333|160|0001|2|1|25988|201|0|202|0|3|0|4|0|5|0|6|25988|7|0|8|0|9|0|10|0|11|0|12|0|13|0|14|0
54294333|160|0002||15|0|22|0|221|0|222|0|23|0|24|0|25|0|26|0|27|0||0||0||0||0||0||0
54294333|160|0003|3|
54294333|160|0004|4|
54294333|160|0005|5|
54294333|160|0006|15|
54294333|160|0007|0|0
54294333|160|0008|0|0|0|0
